Total variance : 1238.69
daily_edits : -0.063082	0.0434911
daily_users : -0.0511877	0.0540187
daily_pages : -0.096732	0.00508249
confidence : 0.745192	0.971267
speed : -0.123883	0.0185073
const_succ : -0.0846981	0.0016549
const_pop : -0.0257694	0.115597
rollback_prob : -0.056396	0.0428112
